77
8
14
2
9
26
54
29
83
76
13
65
80
80
99
81
98
62
77
33
22
82
92
89
66
34
55
57
58
49
91
54
14
9
66
77
83
43
4
65
27
73
50
90
51
17
94
40
85
66
91
25
62
17
88
44
60
41
79
49
78
37
46
40
4
40
63
44
87
6
89
13
60
51
23
25
85
57
94
53
81
26
80
97
57
4
1
13
53
84
95
62
69
25
4
60
37
24
37
28
97
24
1
78
80
24
33
90
67
36
37
20
77
4
8
63
82
83
70
92
64
74
92
8
43
88
29
17
78
93
54
75
7
28
56
34
27
18
80
48
36
72
44
5
42
13
10
71
26
20
21
47
2
52
4
89
17
68
34
15
74
31
95
37
32
44
31
89
86
67
58
55
95
89
62
61
31
71
96
9
13
95
26
6
87
1
18
59
38
13
43
97
78
35
79
97
40
84
36
90
20
37
82
36
46
74
41
86
29
82
77
40
41
11
81
63
90
81
10
16
30
42
82
12
97
16
98
12
2
71
7
38
27
74
26
87
52
51
33
1
13
40
16
55
50
21
14
12
7
92
100
8
65
31
86
1
71
10
82
77
73
81
19
37
24
78
100
96
20
79
16
53
36
58
9
56
13
92
12
12
52
59
35
75
64
31
39
22
74
21
91
26
98
14
38
68
52
1
46
96
12
84
44
39
47
27
85
63
51
83
82
66
75
44
5
12
15
7
33
82
37
93
30
47
36
93
80
85
7
73
56
39
83
10
22
69
25
88
34
40
77
57
25
33
9
80
67
55
26
99
58
6
2
96
88
25
19
79
9
36
1
47
21
97
37
91
1
33
42
45
59
62
61
11
49
62
39
32
12
92
94
14
12
29
96
46
2
14
28
20
56
11
41
73
99
86
13
60
10
13
55
88
53
84
22
37
91
51
97
87
44
4
7
37
38
9
33
49
47
26
100
20
57
13
37
100
16
16
100
67
96
5
17
55
5
58
44
99
80
32
80
61
88
26
59
76
85
71
40
65
54
56
52
35
28
55
35
94
83
69
66
40
8
77
16
4
22
56
18
50
15
81
96
35
27
34
8
20
96
69
5
5
48
21
40
92
51
83
74
94
45
94
20
53
87
44
36
22
85
32
